0 0.336588 0.227630 0.095517 0.065934
0 0.246234 0.084772 0.085191 0.062794
0 0.412744 0.153846 0.113588 0.053375
0 0.579253 0.391680 0.085191 0.054945
0 0.424361 0.492936 0.085191 0.053375
0 0.546984 0.569859 0.134240 0.034537
0 0.367567 0.665620 0.121333 0.056515
0 0.495353 0.762951 0.092936 0.059655
0 0.464375 0.335165 0.051631 0.036107
0 0.513424 0.248823 0.082609 0.036107
0 0.374021 0.748823 0.041305 0.053375
0 0.123611 0.105181 0.123914 0.081633
0 0.228163 0.826531 0.234921 0.048666
0 0.304319 0.934851 0.041305 0.042386
0 0.421779 0.586342 0.069702 0.026688