0 0.193482 0.043171 0.185178 0.086342
0 0.304345 0.150706 0.070660 0.081633
0 0.269015 0.283359 0.131574 0.083203
0 0.283634 0.354003 0.141320 0.064364
0 0.530944 0.387755 0.095026 0.072214
0 0.407898 0.576138 0.146193 0.053375
0 0.454193 0.648352 0.087716 0.037677
0 0.625970 0.663265 0.075533 0.045526
0 0.446883 0.028257 0.170559 0.056514
0 0.496832 0.094976 0.182741 0.061224
0 0.482213 0.178964 0.138883 0.062794
0 0.460284 0.264521 0.075533 0.061224
0 0.483431 0.713501 0.048731 0.032967
0 0.758762 0.867347 0.068223 0.058085
0 0.836731 0.951334 0.126701 0.040816
0 0.674701 0.769231 0.036548 0.053375