0 0.461281 0.766091 0.138090 0.084772
0 0.634570 0.878336 0.073106 0.073783
0 0.646754 0.668760 0.167874 0.050235
0 0.755060 0.799843 0.097475 0.026688
0 0.453158 0.655416 0.089352 0.036107
0 0.572294 0.586342 0.116429 0.064364
0 0.296114 0.440345 0.073106 0.054945
0 0.463988 0.459969 0.089352 0.037677
0 0.386820 0.560440 0.054153 0.034537
0 0.323191 0.257457 0.132675 0.087912
0 0.269038 0.149137 0.165166 0.040816
0 0.209470 0.366562 0.138090 0.045526
0 0.162086 0.254317 0.092060 0.037677
0 0.189162 0.293564 0.075814 0.031397
0 0.087625 0.041601 0.089352 0.048666