0 0.166790 0.185243 0.103978 0.087912
0 0.054013 0.230769 0.044791 0.040816
0 0.050014 0.135793 0.033593 0.032967
0 0.197983 0.299843 0.057588 0.031397
0 0.289164 0.402669 0.051189 0.058085
0 0.368347 0.470958 0.049590 0.069074
0 0.461928 0.587127 0.051189 0.062794
0 0.650689 0.678179 0.038392 0.040816
0 0.538712 0.707221 0.038392 0.032967
0 0.581903 0.625589 0.038392 0.048666
0 0.695479 0.787284 0.051189 0.067504
0 0.814654 0.918367 0.065586 0.059655
0 0.639491 0.884615 0.086382 0.032967
0 0.637091 0.835950 0.046390 0.054945
0 0.654688 0.974882 0.094380 0.050235